Risk of Ruin: 1.00, UPRO Daily Fail 1 / 50000 
Days:	50	100	150	200	250	300	350	400	450	500	550	0	
0.	     56	    137	    186	    273	    376	    451	    526	    601	    818	    909	    909	      0	
1.	     57	    150	    188	    275	    377	    453	    536	    630	    821	    924	    924	      0	
2.	     57	    151	    190	    277	    378	    454	    546	    661	    824	    938	    938	      0	
3.	     57	    151	    192	    278	    379	    456	    557	    664	    827	    953	    953	      0	
4.	     57	    151	    194	    280	    380	    458	    568	    666	    830	    969	    969	      0	
5.	     57	    152	    195	    282	    381	    460	    579	    669	    833	    984	    984	      0	
6.	     57	    152	    197	    284	    382	    462	    592	    671	    836	   1000	   1000	      0	
7.	     57	    152	    199	    286	    383	    463	    607	    674	    839	   1003	   1024	      0	
8.	     58	    153	    201	    287	    384	    465	    621	    676	    842	   1006	   1049	      0	
9.	     58	    153	    203	    289	    385	    467	    636	    679	    845	   1008	   1074	      0	
10.	     58	    153	    205	    291	    386	    469	    638	    682	    848	   1011	   1100	      0	
11.	     58	    153	    205	    293	    387	    471	    639	    684	    851	   1014	   1127	      0	
12.	     58	    154	    206	    295	    388	    473	    641	    687	    854	   1017	   1154	      0	
13.	     58	    154	    207	    297	    389	    475	    643	    689	    857	   1020	   1182	      0	
14.	     58	    154	    207	    299	    390	    477	    644	    692	    860	   1023	   1210	      0	
15.	     59	    155	    208	    301	    391	    478	    646	    695	    863	   1026	   1239	      0	
16.	     59	    155	    208	    301	    392	    480	    647	    697	    866	   1028	   1269	      0	
17.	     59	    155	    209	    302	    393	    482	    649	    700	    869	   1031	   1300	      0	
18.	     59	    156	    210	    303	    395	    484	    651	    703	    872	   1034	   1331	      0	
19.	     59	    156	    210	    304	    396	    486	    652	    705	    875	   1037	   1353	      0	
20.	     59	    156	    211	    305	    397	    488	    654	    708	    878	   1040	   1376	      0	
21.	     59	    157	    211	    306	    398	    490	    655	    711	    881	   1043	   1399	      0	
22.	     60	    157	    212	    306	    399	    492	    657	    714	    884	   1046	   1423	      0	
23.	     60	    157	    213	    307	    400	    494	    659	    716	    887	   1049	   1447	      0	
24.	     60	    158	    213	    308	    401	    496	    660	    719	    891	   1052	   1471	      0	
25.	     60	    158	    214	    309	    402	    498	    662	    722	    894	   1055	   1496	      0	
26.	     60	    158	    214	    310	    403	    500	    663	    725	    897	   1058	   1522	      0	
27.	     60	    159	    215	    311	    404	    502	    665	    727	    900	   1061	   1547	      0	
28.	     60	    159	    216	    312	    405	    505	    667	    731	    906	   1064	   1573	      0	
29.	     61	    159	    216	    313	    407	    507	    668	    735	    912	   1067	   1600	      0	
30.	     61	    160	    217	    313	    408	    509	    670	    739	    919	   1070	   1627	      0	
31.	     61	    160	    217	    314	    409	    511	    672	    743	    925	   1073	   1654	      0	
32.	     61	    160	    218	    315	    410	    513	    673	    747	    931	   1076	   1682	      0	
33.	     61	    161	    219	    316	    411	    516	    675	    751	    938	   1079	   1710	      0	
34.	     61	    161	    219	    317	    412	    518	    676	    755	    944	   1082	   1739	      0	
35.	     61	    161	    220	    318	    413	    520	    678	    759	    950	   1085	   1769	      0	
36.	     62	    162	    220	    319	    415	    522	    680	    763	    957	   1088	   1798	      0	
37.	     62	    162	    221	    320	    417	    525	    681	    767	    963	   1091	   1829	      0	
38.	     62	    163	    222	    321	    418	    527	    683	    771	    970	   1094	   1860	      0	
39.	     62	    163	    222	    321	    420	    529	    685	    775	    977	   1097	   1891	      0	
40.	     62	    163	    223	    322	    422	    531	    686	    779	    983	   1100	   1923	      0	
41.	     62	    164	    224	    323	    424	    534	    688	    783	    990	   1108	   1955	      0	
42.	     63	    164	    224	    324	    425	    536	    690	    787	   1006	   1116	   1988	      0	
43.	     63	    164	    225	    325	    427	    538	    691	    792	   1022	   1124	   2022	      0	
44.	     63	    165	    225	    326	    429	    541	    693	    796	   1038	   1133	   2056	      0	
45.	     63	    165	    226	    327	    431	    543	    695	    800	   1055	   1141	   2090	      0	
46.	     63	    165	    227	    328	    432	    545	    697	    805	   1072	   1149	   2126	      0	
47.	     63	    166	    228	    329	    434	    548	    698	    811	   1089	   1158	   2162	      0	
48.	     64	    166	    229	    330	    436	    551	    700	    817	   1094	   1166	   2198	      0	
49.	     64	    167	    229	    331	    438	    554	    704	    822	   1098	   1175	   2235	      0	
50.	     64	    167	    230	    332	    440	    557	    707	    828	   1103	   1184	   2273	      0	
51.	     64	    167	    231	    333	    442	    560	    711	    833	   1107	   1192	   2311	      0	
52.	     64	    168	    232	    334	    443	    563	    715	    839	   1112	   1201	   2350	      0	
53.	     64	    168	    233	    336	    445	    566	    719	    845	   1116	   1210	   2390	      0	
54.	     65	    169	    233	    337	    447	    569	    723	    851	   1121	   1225	   2430	      0	
55.	     65	    169	    234	    338	    449	    572	    726	    856	   1126	   1239	   2471	      0	
56.	     65	    169	    235	    340	    451	    575	    730	    862	   1130	   1254	   2513	      0	
57.	     65	    170	    236	    341	    453	    578	    734	    868	   1135	   1269	   2555	      0	
58.	     65	    170	    237	    342	    455	    581	    738	    874	   1140	   1284	   2598	      0	
59.	     65	    171	    238	    343	    457	    584	    742	    880	   1145	   1300	   2642	      0	
60.	     66	    171	    238	    345	    459	    587	    746	    886	   1149	   1315	   2686	      0	
61.	     66	    171	    239	    346	    460	    591	    750	    893	   1154	   1331	   2732	      0	
62.	     66	    172	    240	    347	    462	    594	    754	    900	   1159	   1365	   2778	      0	
63.	     66	    172	    241	    349	    464	    597	    758	    906	   1164	   1400	   2825	      0	
64.	     66	    173	    242	    350	    467	    600	    762	    913	   1168	   1436	   2872	      0	
65.	     67	    173	    243	    351	    469	    602	    766	    920	   1173	   1473	   2921	      0	
66.	     67	    174	    244	    353	    471	    605	    770	    926	   1178	   1511	   2970	      0	
67.	     67	    174	    244	    354	    473	    607	    773	    933	   1183	   1550	   3020	      0	
68.	     67	    174	    245	    355	    475	    609	    776	    940	   1188	   1590	   3071	      0	
69.	     67	    175	    246	    357	    477	    612	    779	    947	   1193	   1631	   3123	      0	
70.	     67	    175	    247	    358	    479	    614	    782	    954	   1198	   1673	   3175	      0	
71.	     68	    176	    248	    360	    481	    616	    785	    961	   1217	   1716	   3229	      0	
72.	     68	    176	    249	    361	    483	    619	    789	    968	   1237	   1760	   3283	      0	
73.	     68	    177	    250	    362	    485	    621	    792	    975	   1256	   1806	   3339	      0	
74.	     68	    177	    251	    364	    487	    623	    795	    981	   1276	   1852	   3395	      0	
75.	     68	    177	    251	    365	    489	    626	    798	    988	   1297	   1900	   3452	      0	
76.	     69	    178	    252	    366	    491	    628	    801	    995	   1318	   1949	   4278	      0	
77.	     69	    178	    253	    368	    494	    630	    804	   1002	   1332	   2020	   5301	      0	
78.	     69	    179	    254	    369	    496	    633	    808	   1008	   1346	   2093	   6569	      0	
79.	     69	    179	    255	    370	    498	    635	    811	   1015	   1360	   2169	   8140	      0	
80.	     70	    180	    256	    372	    500	    638	    814	   1022	   1375	   2248	   8589	      0	
81.	     70	    180	    257	    373	    502	    640	    817	   1029	   1389	   2330	   9062	      0	
82.	     70	    180	    258	    374	    505	    643	    821	   1036	   1404	   2415	   9561	      0	
83.	     70	    181	    259	    376	    507	    645	    824	   1043	   1419	   2503	  10087	      0	
84.	     71	    181	    260	    377	    510	    648	    827	   1050	   1434	   2594	  10643	      0	
85.	     71	    182	    260	    379	    512	    650	    830	   1058	   1449	   2720	  11229	      0	
86.	     71	    183	    261	    380	    515	    652	    834	   1065	   1462	   2853	  11847	      0	
87.	     71	    184	    262	    381	    517	    655	    837	   1072	   1475	   2992	  12500	      0	
88.	     72	    185	    263	    383	    519	    657	    840	   1079	   1488	   3138	  13188	      0	
89.	     72	    186	    264	    384	    522	    660	    844	   1087	   1501	   3176	  13915	      0	
90.	     72	    188	    265	    386	    524	    666	    847	   1094	   1514	   3214	  14681	      0	
91.	     73	    189	    266	    387	    527	    672	    855	   1102	   1527	   3253	  15490	      0	
92.	     73	    190	    267	    388	    529	    677	    863	   1109	   1540	   3292	  16343	      0	
93.	     73	    191	    268	    390	    532	    683	    872	   1117	   1553	   3331	  17243	      0	
94.	     73	    193	    269	    391	    534	    689	    880	   1124	   1567	   3371	  18192	      0	
95.	     74	    194	    270	    393	    537	    695	    888	   1132	   1581	   3411	  19194	      0	
96.	     74	    195	    271	    394	    540	    701	    897	   1140	   1594	   3452	  43844	      0	
97.	     74	    196	    272	    396	    542	    707	    905	   1148	   1633	   3983	 100149	      0	
98.	     75	    197	    273	    397	    545	    714	    914	   1155	   1672	   4595	 228762	      0	
99.	     75	    199	    286	    399	    547	    720	    923	   1163	   1713	   8140	25662008431	      0	
100.	     75	    200	    300	    400	    550	    726	    932	   1171	   1754	   8954	      0	      0	
